                 Q1        Q2        Q3        Q4        Q5        Q6        Q7        Q8        Q9  proj_ratio
  Dir  1     +0.338    -0.362    -0.252    +0.505    +0.138    -0.597    -0.045    +0.027    +0.042       0.972
  Dir  2     -0.433    -0.109    +0.094    +0.103    +0.132    -0.278    +0.797    +0.059    -0.002       0.976
  Dir  3     +0.128    -0.145    -0.102    -0.632    +0.612    -0.313    +0.002    +0.027    +0.030       0.959
  Dir  4     -0.047    +0.080    +0.034    -0.411    -0.697    -0.500    +0.037    +0.035    -0.058       0.960
  Dir  5     -0.001    +0.015    +0.021    -0.362    -0.621    -0.628    +0.021    +0.022    -0.040       0.957
  Dir  6     -0.340    +0.376    +0.318    -0.515    -0.068    +0.553    +0.075    -0.046    -0.030       0.971
  Dir  7     +0.245    -0.112    -0.031    -0.126    -0.102    +0.174    +0.160    +0.152    +0.879       0.975
  Dir  8     -0.641    -0.568    -0.256    -0.055    -0.117    +0.024    -0.269    -0.000    +0.122       0.950
  Dir  9     +0.207    -0.196    -0.110    -0.105    -0.120    +0.160    +0.127    -0.888    +0.007       0.974
  Dir 10     -0.249    +0.091    -0.004    +0.123    +0.131    -0.202    -0.169    -0.153    -0.870       0.976
  Dir 11     -0.235    +0.204    +0.096    +0.104    +0.087    -0.137    -0.140    +0.887    +0.005       0.975
  Dir 12     +0.105    -0.439    +0.842    +0.022    +0.035    -0.038    -0.081    +0.027    -0.059       0.963
  Dir 13     +0.305    -0.420    -0.175    -0.161    -0.205    +0.305    +0.287    +0.310    -0.350       0.873
  col_norm    +1.082    +1.051    +1.006    +1.146    +1.180    +1.301    +0.946    +1.314    +1.295
