             is_tri     is_sq   is_circ         r         g         b      size  h_stripe  v_stripe     grain  proj_ratio
  Dir  1     +0.338    +0.425    +0.429    -0.614    -0.229    -0.626    -0.029    +0.012    +0.021    -0.026       1.141
  Dir  2     +0.461    +0.018    +0.216    +0.010    +0.016    +0.081    -0.932    +0.007    +0.009    -0.010       1.066
  Dir  3     -0.136    -0.142    -0.156    -0.613    +0.700    +0.322    +0.060    +0.002    -0.006    +0.010       1.018
  Dir  4     -0.001    -0.056    -0.025    +0.406    +0.610    -0.651    -0.044    +0.001    -0.003    +0.001       0.983
  Dir  5     +0.235    +0.120    +0.606    -0.009    +0.005    +0.014    +0.049    +0.042    -0.091    -0.668       0.946
  Dir  6     +0.486    -0.260    -0.262    -0.038    -0.099    +0.010    +0.141    +0.056    +0.020    +0.053       0.640
  Dir  7     -0.195    -0.156    -0.079    -0.046    -0.060    -0.032    -0.068    +0.022    +0.966    -0.040       1.008
  Dir  8     -0.370    +0.349    +0.015    -0.062    +0.018    +0.028    -0.183    +0.063    -0.058    +0.124       0.566
  Dir  9     +0.190    +0.257    +0.210    +0.012    +0.002    -0.021    +0.110    -0.971    +0.046    -0.022       1.051
  Dir 10     -0.118    -0.188    +0.233    -0.079    -0.065    +0.058    +0.050    -0.023    -0.002    +0.148       0.377
  Dir 11     -0.040    -0.316    +0.042    -0.082    +0.005    -0.013    -0.043    +0.021    -0.051    +0.063       0.345
  Dir 12     +0.224    +0.470    -0.269    +0.014    -0.002    +0.025    -0.082    +0.028    +0.056    -0.379       0.706
  Dir 13     +0.076    +0.249    +0.170    -0.016    -0.025    +0.091    +0.044    -0.005    +0.034    -0.526       0.621
  col_norm    +0.959    +0.957    +0.948    +0.969    +0.966    +0.970    +0.981    +0.976    +0.978    +0.956
