                 Q1        Q2        Q3        Q4        Q5        Q6        Q7        Q8        Q9  proj_ratio
  Dir  1     -0.338    +0.362    +0.252    -0.505    -0.138    +0.597    +0.045    -0.027    -0.042       0.972
  Dir  2     -0.461    -0.081    +0.114    +0.063    +0.121    -0.231    +0.803    +0.057    -0.006       0.976
  Dir  3     +0.136    -0.116    -0.093    -0.674    +0.597    -0.257    -0.048    +0.022    +0.027       0.959
  Dir  4     +0.001    -0.057    -0.010    +0.407    +0.676    +0.537    +0.003    -0.035    +0.055       0.959
  Dir  5     -0.235    +0.072    +0.565    +0.111    +0.152    -0.224    -0.224    -0.312    +0.160       0.799
  Dir  6     -0.486    -0.370    -0.327    -0.092    -0.117    +0.043    -0.221    -0.048    +0.062       0.748
  Dir  7     +0.195    -0.118    +0.011    -0.083    -0.130    +0.142    +0.179    +0.131    +0.895       0.973
  Dir  8     +0.370    +0.437    +0.001    -0.038    +0.008    -0.033    +0.278    -0.031    -0.127       0.652
  Dir  9     -0.190    +0.222    +0.102    +0.079    +0.099    -0.118    -0.228    +0.875    +0.012       0.972
  Dir 10     +0.118    -0.166    +0.342    -0.065    -0.083    -0.029    -0.020    +0.046    -0.032       0.417
  Dir 11     +0.040    -0.314    +0.153    -0.110    -0.047    +0.094    +0.094    +0.092    -0.146       0.431
  Dir 12     -0.224    +0.432    -0.495    +0.023    +0.052    -0.107    +0.009    -0.126    +0.150       0.732
  Dir 13     -0.076    +0.238    +0.089    +0.039    +0.044    -0.198    -0.124    -0.148    +0.170       0.423
  col_norm    +0.959    +0.959    +0.957    +0.966    +0.961    +0.956    +0.967    +0.968    +0.963
