             is_tri     is_sq   is_circ         r         g         b      size  h_stripe  v_stripe     grain  proj_ratio
  Dir  1     -0.338    -0.425    -0.429    +0.614    +0.229    +0.626    +0.029    -0.012    -0.021    +0.026       1.141
  Dir  2     +0.433    -0.016    +0.181    +0.059    +0.034    +0.131    -0.927    +0.006    +0.007    -0.008       1.050
  Dir  3     -0.128    -0.169    -0.171    -0.567    +0.714    +0.369    -0.000    +0.002    -0.007    +0.011       1.020
  Dir  4     +0.047    +0.088    +0.067    -0.422    -0.645    +0.602    -0.002    -0.000    +0.005    -0.003       0.985
  Dir  5     +0.001    +0.015    +0.024    -0.358    -0.558    +0.725    +0.000    +0.001    -0.004    -0.038       0.983
  Dir  6     +0.340    +0.439    +0.494    -0.635    -0.172    -0.608    -0.075    +0.012    +0.012    -0.086       1.169
  Dir  7     -0.245    -0.161    -0.130    -0.079    -0.014    -0.042    -0.029    +0.017    +0.967    +0.009       1.023
  Dir  8     +0.641    -0.421    -0.206    -0.000    -0.113    +0.017    +0.143    +0.001    +0.056    -0.019       0.817
  Dir  9     -0.207    -0.235    -0.215    -0.039    -0.018    -0.010    -0.001    +0.967    -0.035    +0.005       1.040
  Dir 10     +0.249    +0.141    +0.094    +0.083    +0.049    +0.072    +0.033    -0.017    -0.965    -0.018       1.019
  Dir 11     +0.235    +0.249    +0.213    +0.035    -0.018    -0.011    +0.013    -0.968    +0.048    -0.002       1.051
  Dir 12     -0.105    -0.451    +0.619    -0.032    +0.015    +0.010    +0.062    -0.054    -0.081    -0.022       0.783
  Dir 13     -0.305    -0.474    -0.365    -0.042    -0.031    -0.046    -0.076    +0.031    -0.038    +0.930       1.153
  col_norm    +1.082    +1.086    +1.082    +1.196    +1.156    +1.346    +0.948    +1.370    +1.371    +0.936
