                  r         g         b      size     pos_x     pos_y  proj_ratio
  Dir  1     +0.577    +0.394    +0.451    +0.084    -0.004    -0.006       0.836
  Dir  2     -0.339    +0.939    -0.259    -0.023    +0.005    +0.004       1.032
  Dir  3     -0.636    -0.006    +0.809    +0.016    -0.009    +0.026       1.030
  Dir  4     +0.066    -0.042    +0.197    -0.203    -0.014    -0.070       0.302
  Dir  5     -0.033    +0.066    -0.015    +0.026    -0.020    -0.001       0.082
  Dir  6     +0.011    -0.058    +0.014    -0.039    +0.010    -0.004       0.074
  Dir  7     -0.172    -0.150    -0.091    +0.586    -0.043    -0.017       0.637
  Dir  8     -0.007    -0.019    +0.172    -0.317    +0.035    -0.062       0.368
  col_norm    +0.942    +1.034    +1.001    +0.703    +0.063    +0.099
