                 Q1        Q2        Q3        Q4        Q5        Q6  proj_ratio
  Dir  1     +0.577    -0.482    +0.594    -0.152    +0.034    +0.074       0.974
  Dir  2     -0.339    -0.900    -0.158    -0.004    -0.008    +0.030       0.975
  Dir  3     -0.636    +0.098    +0.742    -0.012    -0.004    +0.001       0.982
  Dir  4     +0.066    +0.033    +0.202    +0.195    -0.017    -0.081       0.302
  Dir  5     -0.033    -0.062    -0.009    -0.028    -0.020    -0.001       0.079
  Dir  6     +0.011    +0.057    +0.007    +0.042    +0.008    -0.008       0.073
  Dir  7     -0.172    +0.176    -0.138    -0.567    -0.024    -0.005       0.633
  Dir  8     -0.007    +0.020    +0.171    +0.314    +0.024    -0.078       0.367
  col_norm    +0.942    +1.045    +1.009    +0.695    +0.055    +0.138
