                  r         g         b      size     pos_x     pos_y  proj_ratio
  Dir  1     -0.577    -0.394    -0.451    -0.084    +0.004    +0.006       0.836
  Dir  2     +0.426    -0.892    +0.326    +0.036    -0.005    -0.005       1.042
  Dir  3     +0.660    +0.013    -0.792    -0.013    +0.009    -0.027       1.031
  Dir  4     +0.033    -0.002    +0.108    -0.212    -0.013    -0.071       0.251
  Dir  5     +0.036    -0.019    +0.041    -0.013    +0.021    +0.005       0.063
  Dir  6     -0.007    +0.059    +0.009    +0.033    -0.007    +0.004       0.069
  Dir  7     +0.135    +0.032    +0.085    -0.624    +0.039    +0.013       0.646
  Dir  8     +0.008    -0.030    -0.017    +0.640    -0.071    +0.051       0.647
  col_norm    +0.985    +0.978    +0.979    +0.923    +0.086    +0.093
