                 Q1        Q2        Q3        Q4        Q5        Q6  proj_ratio
  Dir  1     -0.577    +0.482    -0.594    +0.152    -0.034    -0.074       0.974
  Dir  2     +0.426    +0.840    +0.245    -0.018    +0.012    -0.020       0.973
  Dir  3     +0.660    -0.109    -0.720    +0.006    +0.005    +0.001       0.982
  Dir  4     +0.033    -0.002    +0.114    +0.207    -0.020    -0.084       0.254
  Dir  5     +0.036    +0.014    +0.044    +0.011    +0.022    +0.009       0.064
  Dir  6     -0.007    -0.059    +0.017    -0.037    -0.005    +0.008       0.072
  Dir  7     +0.135    -0.052    +0.108    +0.613    +0.015    -0.012       0.640
  Dir  8     +0.008    +0.029    -0.021    -0.640    -0.040    +0.085       0.647
  col_norm    +0.985    +0.978    +0.979    +0.924    +0.064    +0.143
